plasforest_pls,plasgraph2_pls,platon_pls,rfplasmid_pls,contig,Plasmid,sample,contig_length,train_mask
0,0,0,0,1_1,0,1,628097,True
0,0,0,0,1_2,0,1,375823,True
0,0,0,0,1_3,0,1,279739,True
0,0,0,0,1_4,0,1,244343,True
0,0,0,0,1_5,0,1,214351,True
1,1,1,1,1_26,1,1,52232,True
1,0,1,1,1_58,1,1,9802,True
1,1,1,1,1_61,1,1,6647,True
0,1,0,1,1_88,1,1,2337,True
0,1,0,1,1_89,1,1,2328,True
0,1,1,1,1_91,1,1,2281,True
0,1,1,1,1_93,1,1,1975,True
1,1,1,1,1_101,1,1,1552,True
1,1,1,1,1_103,1,1,1506,True
0,0,0,0,2_1,0,2,370014,True
0,0,0,0,2_2,0,2,238567,True
0,0,0,0,2_3,0,2,234792,True
0,0,0,0,2_4,0,2,213628,True
0,0,0,0,2_5,0,2,207792,True
0,0,0,0,2_6,0,2,206990,True
0,0,0,0,2_7,0,2,201930,True
1,1,1,1,2_36,1,2,42509,True
1,1,1,1,2_65,1,2,10303,True
0,1,1,1,2_77,1,2,5569,True
0,1,0,1,2_99,1,2,2235,True
0,1,1,1,2_100,1,2,2089,True
0,0,0,0,3_1,0,3,370013,True
0,0,0,0,3_2,0,3,238567,True
0,0,0,0,3_3,0,3,234791,True
0,0,0,0,3_4,0,3,213628,True
0,0,0,0,3_5,0,3,207792,True
0,0,0,0,3_6,0,3,206989,True
0,0,0,0,3_7,0,3,201930,True
1,1,1,1,3_35,1,3,42509,True
1,1,1,1,3_63,1,3,10303,True
0,1,1,1,3_75,1,3,5569,True
0,1,0,0,3_97,1,3,2235,True
1,1,1,1,3_98,1,3,2089,True
0,0,0,0,4_1,0,4,790741,True
0,0,0,0,4_2,0,4,487217,True
0,0,0,0,4_3,0,4,454650,True
0,0,0,0,4_4,0,4,406499,True
0,0,0,0,4_5,0,4,387125,True
0,0,0,0,4_6,0,4,288373,True
0,0,0,0,4_7,0,4,213302,True
0,0,0,0,4_8,0,4,203751,True
1,0,1,1,4_19,1,4,89940,True
1,0,1,1,4_30,1,4,23505,True
0,0,1,1,4_36,1,4,6993,True
0,0,0,0,5_1,0,5,790741,True
0,0,0,0,5_2,0,5,487217,True
0,0,0,0,5_3,0,5,454651,True
0,0,0,0,5_4,0,5,406499,True
0,0,0,0,5_5,0,5,387121,True
0,0,0,0,5_6,0,5,288373,True
0,0,0,0,5_7,0,5,213298,True
0,0,0,0,5_8,0,5,203751,True
1,0,1,1,5_19,1,5,89983,True
1,0,1,1,5_31,1,5,23505,True
0,0,1,1,5_39,1,5,6993,True
0,0,0,0,6_1,0,6,790743,True
0,0,0,0,6_2,0,6,454650,True
0,0,0,0,6_3,0,6,406499,True
0,0,0,0,6_4,0,6,387232,True
0,0,0,0,6_5,0,6,380624,True
0,0,0,0,6_6,0,6,358034,True
0,0,0,0,6_7,0,6,288373,True
0,0,0,0,6_8,0,6,203751,True
1,0,1,1,6_19,1,6,89983,True
1,0,1,1,6_32,1,6,23505,True
0,1,1,1,6_38,1,6,6995,True
0,0,0,0,7_1,0,7,513051,True
0,0,0,0,7_2,0,7,329670,True
0,0,0,0,7_3,0,7,308781,True
0,0,0,0,7_4,0,7,283844,True
0,0,0,0,7_5,0,7,249514,True
0,0,0,0,7_6,0,7,244462,True
0,0,0,0,7_7,0,7,216246,True
1,0,1,1,7_26,1,7,51101,True
1,0,1,1,7_41,1,7,17235,True
0,1,1,1,7_56,1,7,6712,True
0,1,1,1,7_64,1,7,5469,True
1,1,1,1,7_71,1,7,4417,True
0,1,1,0,7_79,1,7,2839,True
1,1,1,1,7_85,1,7,2113,True
1,1,1,1,7_89,1,7,1552,True
1,1,1,1,7_91,1,7,1506,True
0,0,0,0,8_1,0,8,373335,True
0,0,0,0,8_2,0,8,357409,True
0,0,0,0,8_3,0,8,339260,True
0,0,0,0,8_4,0,8,249893,True
0,0,0,0,8_5,0,8,241974,True
0,0,0,0,8_6,0,8,234315,True
1,1,1,1,8_20,1,8,90652,True
1,0,1,1,8_35,1,8,41076,True
1,0,1,1,8_37,1,8,33760,True
1,1,1,1,8_38,1,8,32950,True
1,0,1,1,8_44,1,8,19781,True
1,0,1,1,8_65,1,8,4386,True
0,0,0,0,9_1,0,9,406898,True
0,0,0,0,9_2,0,9,373335,True
0,0,0,0,9_3,0,9,339377,True
0,0,0,0,9_4,0,9,294343,True
0,0,0,0,9_5,0,9,284584,True
0,0,0,0,9_6,0,9,255718,True
0,0,0,0,9_7,0,9,249893,True
0,0,0,0,9_8,0,9,241974,True
0,0,0,0,9_9,0,9,234315,True
0,0,1,1,9_17,1,9,93762,True
1,0,1,1,9_25,1,9,65559,True
1,0,1,1,9_33,1,9,33760,True
1,1,1,1,9_34,1,9,32950,True
1,0,1,1,9_41,1,9,19781,True
1,0,1,1,9_57,1,9,4386,True
0,0,0,0,10_1,0,10,373037,True
0,0,0,0,10_2,0,10,241312,True
0,0,0,0,10_3,0,10,208024,True
0,0,0,0,10_4,0,10,203400,True
0,0,0,0,10_5,0,10,201930,True
1,0,1,1,10_28,1,10,69373,True
1,0,1,1,10_60,1,10,14588,True
0,1,1,1,10_74,1,10,5569,True
1,1,1,1,10_92,1,10,2089,True
0,0,0,0,11_1,0,11,588512,True
0,0,0,0,11_2,0,11,395828,True
0,0,0,0,11_3,0,11,366504,True
0,0,0,0,11_4,0,11,327358,True
0,0,0,0,11_5,0,11,287674,True
0,0,0,0,11_6,0,11,253158,True
0,0,0,0,11_7,0,11,230837,True
0,0,0,0,11_8,0,11,210560,True
1,0,1,1,11_30,1,11,42354,True
1,0,1,1,11_43,1,11,17277,True
0,0,0,0,12_1,0,12,373036,True
0,0,0,0,12_2,0,12,208024,True
0,0,0,0,12_3,0,12,203400,True
0,0,0,0,12_4,0,12,201930,True
1,0,1,1,12_38,1,12,52587,True
1,0,1,1,12_62,1,12,13998,True
0,1,1,1,12_82,1,12,5569,True
1,1,1,1,12_100,1,12,2089,True
0,0,0,0,13_1,0,13,471958,True
0,0,0,0,13_2,0,13,411147,True
0,0,0,0,13_3,0,13,397015,True
0,0,0,0,13_4,0,13,344536,True
0,0,0,0,13_5,0,13,302765,True
0,0,0,0,13_6,0,13,249514,True
0,0,0,0,13_7,0,13,244459,True
0,0,0,0,13_8,0,13,230826,True
1,0,1,1,13_20,1,13,80577,True
1,0,1,1,13_21,1,13,80456,True
1,0,1,1,13_36,1,13,24528,True
1,0,1,1,13_39,1,13,22864,True
0,1,1,1,13_59,1,13,6647,True
0,1,1,1,13_65,1,13,5463,True
0,1,1,1,13_70,1,13,3651,True
0,1,1,1,13_72,1,13,3373,True
1,1,1,1,13_84,1,13,1506,True
1,1,0,0,13_188,1,13,238,True
0,0,0,0,14_1,0,14,236453,True
0,0,0,0,14_2,0,14,216940,True
0,0,0,0,14_3,0,14,208805,True
0,0,0,0,14_4,0,14,205412,True
0,0,0,0,14_5,0,14,203098,True
1,0,1,1,14_31,1,14,55101,True
1,0,1,1,14_56,1,14,21945,True
1,0,1,1,14_67,1,14,11415,True
0,1,1,1,14_78,1,14,4936,True
0,1,1,1,14_81,1,14,4656,True
1,1,1,1,14_92,1,14,1557,True
1,1,1,1,14_95,1,14,1506,True
0,0,0,0,15_1,0,15,610061,True
0,0,0,0,15_2,0,15,426608,True
0,0,0,0,15_3,0,15,328787,True
0,0,0,0,15_4,0,15,250484,True
0,0,0,0,15_5,0,15,217924,True
0,0,0,0,15_6,0,15,215657,True
0,0,0,0,15_7,0,15,200315,True
1,0,1,1,15_31,1,15,35969,True
1,1,1,1,15_40,1,15,23249,True
1,0,1,1,15_57,1,15,11993,True
0,0,1,1,15_62,1,15,6887,True
0,1,0,1,15_79,1,15,2337,True
0,0,0,0,16_1,0,16,373442,True
0,0,0,0,16_2,0,16,316349,True
0,0,0,0,16_3,0,16,313209,True
0,0,0,0,16_4,0,16,281516,True
0,0,0,0,16_5,0,16,237073,True
0,0,0,0,16_6,0,16,235863,True
0,0,0,0,16_7,0,16,226640,True
0,0,0,0,16_8,0,16,217144,True
0,0,0,0,16_9,0,16,212132,True
0,0,0,0,16_10,0,16,210594,True
1,0,1,1,16_21,1,16,79861,True
0,0,1,1,16_39,1,16,23437,True
0,0,0,0,17_1,0,17,387536,True
0,0,0,0,17_2,0,17,387486,True
0,0,0,0,17_3,0,17,273639,True
0,0,0,0,17_4,0,17,271198,True
0,0,0,0,17_5,0,17,256091,True
0,0,0,0,17_6,0,17,254891,True
0,0,0,0,17_7,0,17,242488,True
0,0,0,0,17_8,0,17,213637,True
1,1,1,1,17_25,1,17,63868,True
0,1,1,1,17_48,1,17,7922,True
0,0,0,0,18_1,0,18,631850,True
0,0,0,0,18_2,0,18,399884,True
0,0,0,0,18_3,0,18,385637,True
0,0,0,0,18_4,0,18,328662,True
0,0,0,0,18_5,0,18,247060,True
0,0,0,0,18_6,0,18,200843,True
1,0,1,1,18_28,1,18,50263,True
1,0,1,1,18_31,1,18,40197,True
0,1,1,1,18_60,1,18,6654,True
1,1,1,1,18_76,1,18,3371,True
1,1,1,1,18_98,1,18,1552,True
1,1,1,1,18_99,1,18,1506,True
0,0,0,0,19_1,0,19,333564,True
0,0,0,0,19_2,0,19,248090,True
0,0,0,0,19_3,0,19,216720,True
0,0,0,0,19_4,0,19,214663,True
1,0,1,1,19_32,1,19,63318,True
1,0,1,1,19_57,1,19,4050,True
0,1,1,1,19_63,1,19,1843,True
0,0,0,0,20_1,0,20,452112,True
0,0,0,0,20_2,0,20,385260,True
0,0,0,0,20_3,0,20,319987,True
0,0,0,0,20_4,0,20,235320,True
0,0,0,0,20_5,0,20,218354,True
0,0,0,0,20_6,0,20,213995,True
0,0,0,0,20_7,0,20,210586,True
0,0,0,0,20_8,0,20,208548,True
0,0,0,0,20_9,0,20,201671,True
1,1,1,1,20_26,1,20,48719,True
1,1,1,1,20_33,1,20,33662,True
1,1,1,1,20_38,1,20,19329,True
1,1,1,1,20_42,1,20,9000,True
0,1,1,1,20_61,1,20,2096,True
0,0,0,0,21_1,0,21,452112,True
0,0,0,0,21_2,0,21,385226,True
0,0,0,0,21_3,0,21,366201,True
0,0,0,0,21_4,0,21,319987,True
0,0,0,0,21_5,0,21,235320,True
0,0,0,0,21_6,0,21,218354,True
0,0,0,0,21_7,0,21,214029,True
0,0,0,0,21_8,0,21,208548,True
0,0,0,0,21_9,0,21,201671,True
1,1,1,1,21_25,1,21,50311,True
1,1,1,1,21_32,1,21,33662,True
1,1,1,1,21_36,1,21,19348,True
1,1,1,1,21_40,1,21,9303,True
0,1,1,1,21_58,1,21,2096,True
0,0,0,0,22_1,0,22,452114,True
0,0,0,0,22_2,0,22,423556,True
0,0,0,0,22_3,0,22,319989,True
0,0,0,0,22_4,0,22,235321,True
0,0,0,0,22_5,0,22,218356,True
0,0,0,0,22_6,0,22,214029,True
0,0,0,0,22_7,0,22,210594,True
0,0,0,0,22_8,0,22,208552,True
0,0,0,0,22_9,0,22,201675,True
1,1,1,1,22_25,1,22,50339,True
1,1,1,1,22_33,1,22,33662,True
1,1,1,1,22_37,1,22,19348,True
1,1,1,1,22_41,1,22,9679,True
0,1,1,1,22_58,1,22,2096,True
0,0,0,0,23_1,0,23,309116,True
0,0,0,0,23_2,0,23,288241,True
0,0,0,0,23_3,0,23,209713,True
0,0,0,0,23_4,0,23,200784,True
1,0,1,1,23_31,1,23,52748,True
0,0,1,1,23_32,1,23,52686,True
1,0,1,1,23_38,1,23,38077,True
1,1,1,1,23_48,1,23,22676,True
0,0,1,0,23_78,1,23,3389,True
0,0,0,0,24_1,0,24,714624,True
0,0,0,0,24_2,0,24,304536,True
0,0,0,0,24_3,0,24,284829,True
0,0,0,0,24_4,0,24,262435,True
0,0,0,0,24_5,0,24,256315,True
0,0,0,0,24_6,0,24,235864,True
0,0,0,0,24_7,0,24,216969,True
1,0,1,1,24_21,1,24,81250,True
0,0,0,0,25_1,0,25,436740,True
0,0,0,0,25_2,0,25,405439,True
0,0,0,0,25_3,0,25,345468,True
0,0,0,0,25_4,0,25,285765,True
0,0,0,0,25_5,0,25,263959,True
0,0,0,0,25_6,0,25,228945,True
0,0,0,0,25_7,0,25,217133,True
0,0,0,0,25_8,0,25,215888,True
1,0,1,1,25_25,1,25,56832,True
1,0,1,1,25_37,1,25,23870,True
0,0,0,0,26_1,0,26,763221,True
0,0,0,0,26_2,0,26,411908,True
0,0,0,0,26_3,0,26,385427,True
0,0,0,0,26_4,0,26,384447,True
0,0,0,0,26_5,0,26,376858,True
0,0,0,0,26_6,0,26,245983,True
0,0,0,0,26_7,0,26,241503,True
1,0,1,1,26_25,1,26,42005,True
1,0,1,1,26_34,1,26,21941,True
0,0,0,1,26_36,0,26,19515,True
0,0,1,1,26_37,1,26,19191,True
0,1,1,1,26_48,1,26,6655,True
1,0,1,1,26_50,1,26,4943,True
0,1,1,1,26_63,1,26,2096,True
1,1,1,1,26_65,1,26,1552,True
0,0,0,0,27_1,0,27,763221,True
0,0,0,0,27_2,0,27,411967,True
0,0,0,0,27_3,0,27,384447,True
0,0,0,0,27_4,0,27,376858,True
0,0,0,0,27_5,0,27,300356,True
0,0,0,0,27_6,0,27,245983,True
0,0,0,0,27_7,0,27,241503,True
1,0,1,1,27_26,1,27,42005,True
1,0,1,1,27_35,1,27,21941,True
0,0,0,1,27_37,0,27,19515,True
0,0,1,1,27_38,1,27,19191,True
0,1,1,1,27_49,1,27,6655,True
1,0,1,1,27_51,1,27,4943,True
0,1,1,1,27_65,1,27,2096,True
1,1,1,1,27_67,1,27,1552,True
0,0,0,0,28_1,0,28,399813,True
0,0,0,0,28_2,0,28,329797,True
0,0,0,0,28_3,0,28,318827,True
0,0,0,0,28_4,0,28,307764,True
0,0,0,0,28_5,0,28,285152,True
0,0,0,0,28_6,0,28,269533,True
0,0,0,0,28_7,0,28,244462,True
0,0,0,0,28_8,0,28,241121,True
0,0,0,0,28_9,0,28,237717,True
1,0,1,1,28_27,1,28,53076,True
1,0,1,1,28_35,1,28,27134,True
0,0,0,0,29_1,0,29,567636,True
0,0,0,0,29_2,0,29,392316,True
0,0,0,0,29_3,0,29,360527,True
0,0,0,0,29_4,0,29,317692,True
0,0,0,0,29_5,0,29,270967,True
0,0,0,0,29_6,0,29,240925,True
0,0,0,0,29_7,0,29,235629,True
0,0,0,0,29_8,0,29,219188,True
0,0,0,0,29_9,0,29,209737,True
1,1,1,1,29_23,1,29,64484,True
1,0,1,1,29_27,1,29,38356,True
0,1,0,0,29_46,1,29,2337,True
1,1,1,1,29_49,1,29,1552,True
0,0,0,0,30_1,0,30,427579,True
0,0,0,0,30_2,0,30,424203,True
0,0,0,0,30_3,0,30,357503,True
0,0,0,0,30_4,0,30,352119,True
0,0,0,0,30_5,0,30,295202,True
0,0,0,0,30_6,0,30,247270,True
0,0,0,0,30_7,0,30,244415,True
0,0,0,0,30_8,0,30,242095,True
0,0,0,0,30_9,0,30,222972,True
0,0,0,0,30_10,0,30,210984,True
0,0,1,1,30_19,1,30,88044,True
1,1,1,1,30_25,1,30,55112,True
1,1,1,1,30_37,1,30,16695,True
1,1,1,1,30_42,1,30,11416,True
0,1,1,1,30_48,1,30,5463,True
0,1,1,1,31_58,1,31,29055,True
0,0,1,1,31_64,1,31,24142,True
0,0,1,1,31_75,1,31,17467,True
0,0,1,1,31_80,1,31,14304,True
1,0,1,1,31_98,1,31,6460,True
1,0,1,1,31_116,1,31,2932,True
0,0,0,0,32_1,0,32,470763,True
0,0,0,0,32_2,0,32,379850,True
0,0,0,0,32_3,0,32,371010,True
0,0,0,0,32_4,0,32,301690,True
0,0,0,0,32_5,0,32,297421,True
0,0,0,0,32_6,0,32,290800,True
0,0,0,0,32_7,0,32,289120,True
0,0,0,0,32_8,0,32,245302,True
0,0,0,0,32_9,0,32,235503,True
0,0,0,0,32_10,0,32,228030,True
0,0,0,0,32_11,0,32,205415,True
1,0,1,1,32_24,1,32,39749,True
1,0,1,1,32_31,1,32,22465,True
1,0,1,1,32_33,1,32,14031,True
1,0,1,1,32_41,1,32,3802,True
0,0,0,0,33_1,0,33,385987,True
0,0,0,0,33_2,0,33,379850,True
0,0,0,0,33_3,0,33,371010,True
0,0,0,0,33_4,0,33,297421,True
0,0,0,0,33_5,0,33,287332,True
0,0,0,0,33_6,0,33,271970,True
0,0,0,0,33_7,0,33,245302,True
0,0,0,0,33_8,0,33,235503,True
0,0,0,0,33_9,0,33,228030,True
0,0,0,0,33_10,0,33,205415,True
1,0,1,1,33_25,1,33,39749,True
1,0,1,1,33_33,1,33,17166,True
1,0,1,1,33_36,1,33,14031,True
1,0,1,1,33_48,1,33,3802,True
0,0,0,0,34_1,0,34,379850,True
0,0,0,0,34_2,0,34,371010,True
0,0,0,0,34_3,0,34,360127,True
0,0,0,0,34_4,0,34,297421,True
0,0,0,0,34_5,0,34,290800,True
0,0,0,0,34_6,0,34,289120,True
0,0,0,0,34_7,0,34,245302,True
0,0,0,0,34_8,0,34,235503,True
0,0,0,0,34_9,0,34,228030,True
0,0,0,0,34_10,0,34,205415,True
1,0,1,1,34_25,1,34,39749,True
1,0,1,1,34_34,1,34,17166,True
1,0,1,1,34_36,1,34,14032,True
1,0,1,1,34_47,1,34,3802,True
0,0,0,0,35_1,0,35,539641,True
0,0,0,0,35_2,0,35,219437,True
0,0,0,0,35_3,0,35,209638,True
0,0,0,0,35_4,0,35,203906,True
1,0,1,1,35_47,1,35,33693,True
0,0,0,0,36_1,0,36,483466,True
0,0,0,0,36_2,0,36,418481,True
0,0,0,0,36_3,0,36,403784,True
0,0,0,0,36_4,0,36,324344,True
0,0,0,0,36_5,0,36,260397,True
0,0,0,0,36_6,0,36,250379,True
0,0,0,0,36_7,0,36,233938,True
1,1,1,1,36_23,1,36,60129,True
0,1,1,1,36_54,1,36,6715,True
0,1,1,1,36_61,1,36,3609,True
0,0,0,0,37_1,0,37,241516,True
0,0,0,0,37_2,0,37,213419,True
0,0,1,1,37_37,1,37,51080,True
1,1,1,1,37_41,1,37,43065,True
1,1,1,1,37_67,1,37,12648,True
1,1,1,1,37_114,1,37,2089,True
0,0,0,0,38_1,0,38,354285,True
0,0,0,0,38_2,0,38,289576,True
0,0,0,0,38_3,0,38,261474,True
0,0,0,0,38_4,0,38,244946,True
0,0,0,0,38_5,0,38,219883,True
0,0,0,0,38_6,0,38,204852,True
1,1,1,1,38_35,1,38,40507,True
0,0,1,1,38_49,1,38,24594,True
0,1,1,0,38_89,1,38,2285,True
1,1,1,1,38_98,1,38,1565,True
0,0,0,0,39_1,0,39,530047,True
0,0,0,0,39_2,0,39,375317,True
0,0,0,0,39_3,0,39,330979,True
0,0,0,0,39_4,0,39,323733,True
0,0,0,0,39_5,0,39,251252,True
1,0,1,1,39_28,1,39,55814,True
0,1,1,1,39_71,1,39,3609,True
1,1,1,1,39_85,1,39,1573,True
0,0,0,0,40_1,0,40,340914,True
0,0,0,0,40_2,0,40,280558,True
0,0,0,0,40_3,0,40,267740,True
0,0,0,0,40_4,0,40,260826,True
0,0,0,0,40_5,0,40,256421,True
0,0,0,0,40_6,0,40,244415,True
0,0,0,0,40_7,0,40,210627,True
0,0,0,0,40_8,0,40,206563,True
1,0,1,1,40_29,1,40,70699,True
1,1,1,1,40_50,1,40,5163,True
0,0,0,0,41_1,0,41,340758,True
0,0,0,0,41_2,0,41,280555,True
0,0,0,0,41_3,0,41,267740,True
0,0,0,0,41_4,0,41,260826,True
0,0,0,0,41_5,0,41,256470,True
0,0,0,0,41_6,0,41,244413,True
0,0,0,0,41_7,0,41,210627,True
0,0,0,0,41_8,0,41,206562,True
1,0,1,1,41_29,1,41,70699,True
1,1,1,1,41_49,1,41,5163,True
0,0,0,0,42_1,0,42,495460,True
0,0,0,0,42_2,0,42,229255,True
0,0,0,0,42_3,0,42,223232,True
0,0,0,0,42_4,0,42,212242,True
0,0,0,0,42_5,0,42,209427,True
0,0,0,0,42_6,0,42,202903,True
0,0,1,1,42_15,1,42,100424,True
0,0,0,0,43_1,0,43,420557,True
0,0,0,0,43_2,0,43,321040,True
0,0,0,0,43_3,0,43,290906,True
0,0,0,0,43_4,0,43,284608,True
0,0,0,0,43_5,0,43,268593,True
0,0,0,0,43_6,0,43,244479,True
0,0,0,0,43_7,0,43,242289,True
1,0,1,1,43_35,1,43,38992,True
1,0,1,1,43_38,1,43,23307,True
1,0,1,1,43_48,1,43,12343,True
0,0,0,0,44_1,0,44,420557,True
0,0,0,0,44_2,0,44,290906,True
0,0,0,0,44_3,0,44,284608,True
0,0,0,0,44_4,0,44,275138,True
0,0,0,0,44_5,0,44,268593,True
0,0,0,0,44_6,0,44,244479,True
0,0,0,0,44_7,0,44,242289,True
1,0,1,1,44_37,1,44,38992,True
1,0,1,1,44_40,1,44,23307,True
1,0,1,1,44_51,1,44,12343,True
0,0,0,0,45_1,0,45,549956,True
0,0,0,0,45_2,0,45,292010,True
0,0,0,0,45_3,0,45,268584,True
0,0,0,0,45_4,0,45,243638,True
0,0,0,0,45_5,0,45,228662,True
1,1,1,1,45_30,1,45,65549,True
1,0,1,1,45_53,1,45,13948,True
0,1,1,1,45_74,1,45,3691,True
0,1,0,1,45_84,1,45,2352,True
0,1,1,1,45_86,1,45,2089,True
0,0,0,0,46_1,0,46,437536,True
0,0,0,0,46_2,0,46,405657,True
0,0,0,0,46_3,0,46,392012,True
0,0,0,0,46_4,0,46,391462,True
0,0,0,0,46_5,0,46,299723,True
0,0,0,0,46_6,0,46,263904,True
0,0,0,0,46_7,0,46,235950,True
0,0,0,0,46_8,0,46,217058,True
0,0,0,0,46_9,0,46,200917,True
1,0,1,1,46_21,1,46,78327,True
1,0,1,1,46_32,1,46,22479,True
1,0,1,1,46_42,1,46,11362,True
0,1,1,0,46_54,1,46,2578,True
0,0,0,0,47_1,0,47,390908,True
0,0,0,0,47_2,0,47,362777,True
0,0,0,0,47_3,0,47,341626,True
0,0,0,0,47_4,0,47,302937,True
0,0,0,0,47_5,0,47,230830,True
0,0,0,0,47_6,0,47,226101,True
0,0,0,0,47_7,0,47,221086,True
0,0,0,0,47_8,0,47,214512,True
0,0,0,0,47_9,0,47,213096,True
0,0,1,1,47_25,1,47,70662,True
1,0,1,1,47_33,1,47,32506,True
1,1,1,1,47_63,1,47,6833,True
0,1,1,1,47_78,1,47,1983,True
0,0,0,0,48_1,0,48,739173,True
0,0,0,0,48_2,0,48,387481,True
0,0,0,0,48_3,0,48,260882,True
0,0,0,0,48_4,0,48,250239,True
0,0,0,0,48_5,0,48,226640,True
0,0,0,0,48_6,0,48,217265,True
1,0,1,1,48_20,1,48,77001,True
0,1,1,1,48_36,1,48,35646,True
0,1,1,1,48_51,1,48,7921,True
0,0,0,0,49_1,0,49,372817,True
0,0,0,0,49_2,0,49,246758,True
0,0,0,0,49_3,0,49,242441,True
0,0,0,0,49_4,0,49,213627,True
0,0,0,0,49_5,0,49,206989,True
0,0,0,0,49_6,0,49,201930,True
1,1,1,1,49_28,1,49,65609,True
0,1,1,1,49_43,1,49,29516,True
0,1,1,1,49_66,1,49,5569,True
0,1,1,1,49_77,1,49,2089,True
0,0,0,0,50_1,0,50,412757,True
0,0,0,0,50_2,0,50,385077,True
0,0,0,0,50_3,0,50,334598,True
0,0,0,0,50_4,0,50,323733,True
0,0,0,0,50_5,0,50,251252,True
0,0,0,0,50_6,0,50,233937,True
0,0,0,0,50_7,0,50,215018,True
1,0,1,1,50_25,1,50,60134,True
1,0,1,1,50_27,1,50,57487,True
0,1,1,1,50_70,1,50,3609,True
1,1,1,1,50_78,1,50,1573,True
0,0,0,0,51_1,0,51,441429,True
0,0,0,0,51_2,0,51,385077,True
0,0,0,0,51_3,0,51,323733,True
0,0,0,0,51_4,0,51,260446,True
0,0,0,0,51_5,0,51,251252,True
0,0,0,0,51_6,0,51,250414,True
0,0,0,0,51_7,0,51,233937,True
1,0,1,1,51_26,1,51,60124,True
0,1,1,1,51_65,1,51,3609,True
1,1,1,1,51_70,1,51,1573,True
0,0,0,0,52_1,0,52,441430,True
0,0,0,0,52_2,0,52,385077,True
0,0,0,0,52_3,0,52,323733,True
0,0,0,0,52_4,0,52,261033,True
0,0,0,0,52_5,0,52,260396,True
0,0,0,0,52_6,0,52,251252,True
0,0,0,0,52_7,0,52,215018,True
1,0,1,1,52_28,1,52,60126,True
1,0,1,1,52_37,1,52,36532,True
0,1,1,1,52_62,1,52,3609,True
1,1,1,1,52_70,0,52,1573,True
